1614647201.898520
1614647201.998704
1614647202.098689
1614647202.198591
1614647202.298706
1614647202.398723
1614647202.498767
1614647202.598525
1614647202.698704
1614647202.798553
1614647202.898622
1614647202.998551
1614647203.098530
1614647203.198798
1614647203.298754
1614647203.398727
1614647203.498837
1614647203.598760
1614647203.698759
1614647203.798804
1614647203.898636
1614647203.998761
1614647204.098705
1614647204.198555
1614647204.298724
1614647204.398652
1614647204.498846
1614647204.598725
1614647204.698763
1614647204.798561
1614647204.898774
1614647204.998720
1614647205.098767
1614647205.198786
1614647205.298857
1614647205.398786
1614647205.498815
1614647205.598538
1614647205.698761
1614647205.798484
1614647205.898522
1614647205.998522
1614647206.098821
1614647206.198734
1614647206.298836
1614647206.398532
1614647206.498557
1614647206.599405
1614647206.699615
1614647206.800028
1614647206.899901
1614647206.999635
1614647207.099716
1614647207.199752
1614647207.300133
1614647207.399873
1614647207.499976
1614647207.599533
1614647207.699706
1614647207.800114
1614647207.900139
1614647208.000245
1614647208.099813
1614647208.200101
1614647208.299442
1614647208.399970
1614647208.499959
1614647208.599781
1614647208.700233
1614647208.800225
1614647208.900272
1614647209.000389
1614647209.100387
1614647209.199996
1614647209.300027
1614647209.400006
1614647209.500053
1614647209.600173
1614647209.699555
1614647209.800134
1614647209.900202
1614647209.999902
1614647210.100239
1614647210.199814
1614647210.299242
1614647210.399595
1614647210.498883
1614647210.599055
1614647210.698884
1614647210.799162
1614647210.899337
1614647210.999477
1614647211.099956
1614647211.199477
1614647211.299842
1614647211.399889
1614647211.500172
1614647211.600519
1614647211.700287
1614647211.800404
1614647211.900555
1614647212.000315
1614647212.100550
1614647212.200696
1614647212.300948
1614647212.400532
1614647212.500302
1614647212.600736
1614647212.700811
1614647212.801394
1614647212.901426
1614647213.001228
1614647213.101266
1614647213.201173
1614647213.300727
1614647213.401018
1614647213.500965
1614647213.601235
1614647213.701252
1614647213.800898
1614647213.900743
1614647214.001301
1614647214.101187
1614647214.200893
1614647214.300927
1614647214.400942
1614647214.500970
1614647214.600858
1614647214.701355
1614647214.801260
1614647214.901148
1614647215.001072
1614647215.101422
1614647215.201680
1614647215.301478
1614647215.401556
1614647215.501100
1614647215.601400
1614647215.701388
1614647215.801637
1614647215.901755
1614647216.001689
1614647216.101783
1614647216.201771
1614647216.301746
1614647216.401769
1614647216.501597
1614647216.601771
1614647216.701707
1614647216.801805
1614647216.901774
1614647217.001751
1614647217.101733
1614647217.201819
1614647217.301725
1614647217.401890
1614647217.501793
1614647217.601870
1614647217.701851
1614647217.801784
1614647217.901858
1614647218.001790
1614647218.101770
1614647218.201664
1614647218.301664
1614647218.401669
1614647218.501584
1614647218.601663
1614647218.701545
1614647218.801526
1614647218.900981
1614647219.001766
1614647219.101613
1614647219.201039
1614647219.301103
1614647219.400873
1614647219.501108
1614647219.601412
1614647219.700871
1614647219.800958
1614647219.900344
1614647220.000731
1614647220.100354
1614647220.200884
1614647220.300131
1614647220.400416
1614647220.500329
1614647220.600258
1614647220.700639
1614647220.800815
1614647220.900910
1614647221.000557
1614647221.100749
1614647221.200626
1614647221.300651
1614647221.401035
1614647221.500840
1614647221.601347
1614647221.701254
1614647221.801239
1614647221.901078
1614647222.001468
1614647222.100969
1614647222.201212
1614647222.301375
1614647222.401181
1614647222.501553
1614647222.601525
1614647222.701154
1614647222.801251
1614647222.901201
1614647223.001447
1614647223.101129
1614647223.201707
1614647223.301227
1614647223.401376
1614647223.501239
1614647223.601020
1614647223.700896
1614647223.800984
1614647223.900892
1614647224.001474
1614647224.101071
1614647224.201507
1614647224.301474
1614647224.401458
1614647224.501501
1614647224.601465
1614647224.701204
1614647224.801083
1614647224.901459
1614647225.001195
1614647225.101627
1614647225.200945
1614647225.301092
1614647225.401435
1614647225.501607
1614647225.601776
1614647225.701596
1614647225.801510
1614647225.901711
1614647226.001799
1614647226.101692
1614647226.201628
1614647226.301302
1614647226.400725
1614647226.500798
1614647226.601116
1614647226.701601
1614647226.801248
1614647226.900996
1614647227.001105
1614647227.100969
1614647227.201537
1614647227.301028
1614647227.401090
1614647227.501097
1614647227.600905
1614647227.700674
1614647227.800841
1614647227.900625
1614647228.000578
1614647228.100647
1614647228.200568
1614647228.300257
1614647228.400976
1614647228.500661
1614647228.600766
1614647228.700309
1614647228.800508
1614647228.900550
1614647229.000312
1614647229.100379
1614647229.200469
1614647229.300427
1614647229.400170
1614647229.500260
1614647229.600494
1614647229.700409
1614647229.800762
1614647229.900452
1614647230.000566
1614647230.100682
1614647230.200422
1614647230.300138
1614647230.400349
1614647230.500011
1614647230.599949
1614647230.699877
1614647230.799915
1614647230.899958
1614647230.999985
1614647231.099980
1614647231.200193
1614647231.300818
1614647231.400832
1614647231.500404
1614647231.600373
1614647231.700197
1614647231.800447
1614647231.900303
1614647232.000847
1614647232.100990
1614647232.201104
1614647232.301193
1614647232.400835
1614647232.501013
1614647232.600802
1614647232.700870
1614647232.800677
1614647232.900229
1614647233.000361
1614647233.100334
1614647233.200339
1614647233.300157
1614647233.400278
1614647233.500151
1614647233.600067
1614647233.699748
1614647233.799857
1614647233.899612
1614647233.999656
1614647234.099613
1614647234.199796
1614647234.299654
1614647234.399817
1614647234.499656
1614647234.599718
1614647234.699725
1614647234.799698
1614647234.899713
1614647234.999822
1614647235.099762
1614647235.199985
1614647235.299724
1614647235.400002
1614647235.499930
1614647235.600139
1614647235.699913
1614647235.800074
1614647235.899766
1614647235.999799
1614647236.099937
1614647236.199706
1614647236.299872
1614647236.400057
1614647236.499858
1614647236.599623
1614647236.699338
1614647236.799818
1614647236.899688
1614647236.999210
1614647237.099531
1614647237.199466
1614647237.299474
1614647237.399683
1614647237.499386
1614647237.599359
1614647237.699433
1614647237.799447
1614647237.899645
1614647237.999455
1614647238.099776
1614647238.199457
1614647238.299534
1614647238.399612
1614647238.499784
1614647238.600185
1614647238.699865
1614647238.799850
1614647238.899789
1614647238.999764
1614647239.099998
1614647239.199722
1614647239.299778
1614647239.399886
1614647239.499547
1614647239.599626
1614647239.699736
1614647239.799428
1614647239.899959
1614647239.999361
1614647240.099894
1614647240.199594
1614647240.299742
1614647240.400008
1614647240.499851
1614647240.600049
1614647240.699821
1614647240.799913
1614647240.900012
1614647240.999839
1614647241.100127
1614647241.199809
1614647241.299788
1614647241.399995
1614647241.499716
1614647241.599940
1614647241.699569
1614647241.799810
1614647241.899817
1614647241.999658
1614647242.099640
1614647242.199729
1614647242.299647
1614647242.399562
1614647242.499712
1614647242.599945
1614647242.700047
1614647242.799965
1614647242.900288
1614647242.999873
1614647243.100008
1614647243.199887
1614647243.300019
1614647243.400228
1614647243.500266
1614647243.600286
1614647243.700363
1614647243.800598
1614647243.900077
1614647244.000437
1614647244.099915
1614647244.200005
1614647244.299904
1614647244.399944
1614647244.500236
1614647244.600484
1614647244.700232
1614647244.800186
1614647244.900446
1614647245.000921
1614647245.100960
1614647245.201341
1614647245.301007
1614647245.400981
1614647245.500862
1614647245.600932
1614647245.700825
1614647245.801075
1614647245.900658
1614647246.000895
1614647246.100906
1614647246.201096
1614647246.301078
1614647246.400973
1614647246.500946
1614647246.601308
1614647246.701170
1614647246.801060
1614647246.901069
1614647247.001456
1614647247.101358
1614647247.201655
1614647247.301632
1614647247.401819
1614647247.501713
1614647247.601705
1614647247.701668
1614647247.801752
1614647247.901672
1614647248.001794
1614647248.101810
1614647248.202024
1614647248.301996
1614647248.401857
1614647248.501482
1614647248.601929
1614647248.701817
1614647248.802015
1614647248.901898
1614647249.001963
1614647249.101915
1614647249.201908
1614647249.301918
1614647249.401999
1614647249.501962
1614647249.601622
1614647249.701827
1614647249.802002
1614647249.902004
1614647250.001710
1614647250.101898
1614647250.202052
1614647250.302088
1614647250.401974
1614647250.501976
1614647250.601982
1614647250.702059
1614647250.802013
1614647250.902009
1614647251.002026
1614647251.102006
1614647251.202073
1614647251.302012
1614647251.401955
1614647251.502032
1614647251.601965
1614647251.702084
1614647251.802026
1614647251.902063
1614647252.002073
1614647252.102027
1614647252.201992
1614647252.301785
1614647252.401755
1614647252.501850
1614647252.601644
1614647252.701226
1614647252.801088
1614647252.900993
1614647253.001265
1614647253.100877
1614647253.200992
1614647253.300822
1614647253.400832
1614647253.500848
1614647253.601014
1614647253.700710
1614647253.800434
1614647253.900567
1614647254.000512
1614647254.100652
1614647254.200173
1614647254.300301
1614647254.400223
1614647254.500073
1614647254.599809
1614647254.700373
1614647254.799903
1614647254.900182
1614647254.999854
1614647255.099814
1614647255.199805
1614647255.300309
1614647255.399910
1614647255.500001
1614647255.599669
1614647255.699575
1614647255.799651
1614647255.899821
1614647255.999780
1614647256.100037
1614647256.199584
1614647256.299623
1614647256.399793
1614647256.500045
1614647256.599837
1614647256.700099
1614647256.799980
1614647256.899792
1614647257.000026
1614647257.099902
1614647257.199600
1614647257.300107
1614647257.399905
1614647257.499679
1614647257.599901
1614647257.700158
1614647257.800548
1614647257.900142
1614647258.000168
1614647258.100126
1614647258.200312
1614647258.300210
1614647258.400560
1614647258.500047
1614647258.600322
1614647258.700533
1614647258.800708
1614647258.900561
1614647259.000967
1614647259.100572
1614647259.200444
1614647259.300253
1614647259.400892
1614647259.500960
1614647259.600604
1614647259.700570
1614647259.800686
1614647259.900724
1614647260.000758
1614647260.101224
1614647260.201011
1614647260.300445
1614647260.400552
1614647260.500521
1614647260.600992
1614647260.700891
1614647260.800598
1614647260.900844
1614647261.000461
1614647261.100506
1614647261.200728
1614647261.300462
1614647261.400272
1614647261.500246
1614647261.600350
1614647261.700388
1614647261.800445
1614647261.900519
1614647262.000260
1614647262.100261
1614647262.200695
1614647262.301133
1614647262.400899
1614647262.500958
1614647262.600795
1614647262.700933
1614647262.800646
1614647262.901097
1614647263.000971
1614647263.101211
1614647263.201271
1614647263.301162
1614647263.401034
1614647263.501205
1614647263.601381
1614647263.700919
1614647263.800881
1614647263.901196
1614647264.000807
1614647264.100845
1614647264.201118
1614647264.301141
1614647264.401191
1614647264.500872
1614647264.600986
1614647264.701027
1614647264.801402
1614647264.901384
1614647265.001320
1614647265.101246
1614647265.201519
1614647265.301372
1614647265.401221
1614647265.501009
1614647265.601456
1614647265.701252
1614647265.801520
1614647265.901431
1614647266.001547
1614647266.101268
1614647266.201266
1614647266.300782
1614647266.400805
1614647266.501003
1614647266.601223
1614647266.700877
1614647266.801215
1614647266.901389
1614647267.001323
1614647267.101389
1614647267.201514
1614647267.301445
1614647267.401238
1614647267.501314
1614647267.601492
1614647267.701413
1614647267.801581
1614647267.901555
1614647268.001393
1614647268.101390
1614647268.201498
1614647268.301837
1614647268.402129
1614647268.501486
1614647268.601656
1614647268.701718
1614647268.801709
1614647268.901582
1614647269.001990
1614647269.101547
1614647269.201138
1614647269.301618
1614647269.402060
1614647269.501685
1614647269.601851
1614647269.701743
1614647269.801868
1614647269.901848
1614647270.001706
1614647270.102009
1614647270.201635
1614647270.301479
1614647270.401294
1614647270.501293
1614647270.601193
1614647270.701414
1614647270.801528
1614647270.901550
1614647271.001686
1614647271.101861
1614647271.201580
1614647271.301542
1614647271.401881
1614647271.501627
1614647271.601345
1614647271.701422
1614647271.801806
1614647271.901563
1614647272.001970
1614647272.101521
1614647272.201491
1614647272.301655
1614647272.401444
1614647272.501746
1614647272.602137
1614647272.701828
1614647272.801650
1614647272.901524
1614647273.001856
1614647273.101573
1614647273.201603
1614647273.301622
1614647273.401365
1614647273.501721
1614647273.601962
1614647273.701857
1614647273.802005
1614647273.901924
1614647274.001827
1614647274.101905
1614647274.201825
1614647274.302104
1614647274.402036
1614647274.502165
1614647274.602015
1614647274.702059
1614647274.802120
1614647274.902038
1614647275.002042
1614647275.102104
1614647275.201984
1614647275.301792
1614647275.402053
1614647275.502136
1614647275.602167
1614647275.701964
1614647275.801858
1614647275.902044
1614647276.002098
1614647276.102148
1614647276.202005
1614647276.302015
1614647276.402128
1614647276.501991
1614647276.602103
1614647276.702131
1614647276.802102
1614647276.902017
1614647277.001696
1614647277.102019
1614647277.201889
1614647277.301833
1614647277.401324
1614647277.501762
1614647277.601456
1614647277.701934
1614647277.801773
1614647277.901785
1614647278.001856
1614647278.101823
1614647278.202050
1614647278.302110
1614647278.402175
1614647278.502253
1614647278.602330
1614647278.702061
1614647278.802202
1614647278.902179
1614647279.002090
1614647279.102136
1614647279.202206
1614647279.302252
1614647279.402203
1614647279.501755
1614647279.601906
1614647279.701441
1614647279.801560
1614647279.901417
1614647280.001171
1614647280.101351
1614647280.201188
1614647280.301233
1614647280.401650
1614647280.501433
1614647280.600999
1614647280.701201
1614647280.801273
1614647280.901439
1614647281.001346
1614647281.101707
1614647281.201500
1614647281.301426
1614647281.401457
1614647281.501471
1614647281.601715
1614647281.701588
1614647281.801525
1614647281.901351
1614647282.001906
1614647282.101670
1614647282.201822
1614647282.301872
1614647282.401535
1614647282.501720
1614647282.601779
1614647282.701982
1614647282.801758
1614647282.901547
1614647283.001661
1614647283.101805
1614647283.202123
1614647283.301853
1614647283.401710
1614647283.501825
1614647283.601866
1614647283.701625
1614647283.801898
1614647283.901510
1614647284.001443
1614647284.101782
1614647284.201571
1614647284.301605
1614647284.401666
1614647284.501500
1614647284.601546
1614647284.701736
1614647284.801322
1614647284.901661
1614647285.001666
1614647285.101465
1614647285.201200
1614647285.301265
1614647285.401539
1614647285.501682
1614647285.601763
1614647285.701626
1614647285.801143
1614647285.901330
1614647286.001251
1614647286.101314
1614647286.201056
1614647286.301017
1614647286.401177
1614647286.501231
1614647286.601318
1614647286.701558
1614647286.801281
1614647286.900721
1614647287.001152
1614647287.101085
1614647287.201159
1614647287.301246
1614647287.400790
1614647287.500459
1614647287.600992
1614647287.701141
1614647287.800861
1614647287.901314
1614647288.000823
1614647288.100901
1614647288.201065
1614647288.300840
1614647288.400833
1614647288.500820
1614647288.600740
1614647288.700727
1614647288.800800
1614647288.900845
1614647289.000993
1614647289.100884
1614647289.200347
1614647289.300710
1614647289.400922
1614647289.500699
1614647289.601045
1614647289.700840
1614647289.800794
1614647289.900728
1614647290.000823
1614647290.100938
1614647290.201019
1614647290.300674
1614647290.400495
1614647290.500468
1614647290.600643
1614647290.700626
1614647290.800976
1614647290.900680
1614647291.000840
1614647291.100421
1614647291.200770
1614647291.300626
1614647291.400916
1614647291.500944
1614647291.600775
1614647291.700658
1614647291.800576
1614647291.900406
1614647292.001069
1614647292.100902
1614647292.201118
1614647292.300753
1614647292.401030
1614647292.501031
1614647292.600783
1614647292.700588
1614647292.800388
1614647292.900239
1614647292.999866
1614647293.100275
1614647293.200328
1614647293.299799
1614647293.400008
1614647293.499948
1614647293.599712
1614647293.699883
1614647293.799805
1614647293.899621
1614647293.999704
1614647294.099626
1614647294.200068
1614647294.300390
1614647294.400177
1614647294.500066
1614647294.600319
1614647294.700242
1614647294.800447
1614647294.900559
1614647295.000719
1614647295.100513
1614647295.200465
1614647295.300742
1614647295.400731
1614647295.500865
1614647295.601078
1614647295.701049
1614647295.801244
1614647295.901181
1614647296.001194
1614647296.101169
1614647296.201429
1614647296.301251
1614647296.401225
1614647296.501205
1614647296.601079
1614647296.701312
1614647296.801652
1614647296.901192
1614647297.000998
1614647297.101752
1614647297.201366
1614647297.301452
1614647297.401633
1614647297.501923
1614647297.601357
1614647297.701488
1614647297.801617
1614647297.901111
1614647298.001409
1614647298.101328
1614647298.201267
1614647298.301213
1614647298.400850
1614647298.501619
1614647298.601780
1614647298.701302
1614647298.801248
1614647298.901858
1614647299.001965
1614647299.101905
1614647299.202133
1614647299.302036
1614647299.401999
1614647299.501837
1614647299.602046
1614647299.702116
1614647299.801770
1614647299.901284
1614647300.001324
1614647300.101170
1614647300.201050
1614647300.301007
1614647300.401189
1614647300.501184
1614647300.601380
1614647300.700888
1614647300.801068
1614647300.901210
1614647301.001322
1614647301.101040
1614647301.201313
1614647301.301368
1614647301.401423
1614647301.501311
1614647301.601432
1614647301.701402
1614647301.801317
1614647301.901226
1614647302.001086
1614647302.101222
1614647302.201343
1614647302.301138
1614647302.401261
1614647302.500611
1614647302.601243
1614647302.701406
1614647302.801041
1614647302.900904
1614647303.000914
1614647303.101120
1614647303.201057
1614647303.301247
1614647303.400720
1614647303.500353
1614647303.600402
1614647303.699826
1614647303.800090
1614647303.899982
1614647304.000637
1614647304.100547
1614647304.200843
1614647304.300930
1614647304.400673
1614647304.500976
1614647304.600097
1614647304.700302
1614647304.800268
1614647304.899830
1614647304.999732
1614647305.099316
1614647305.199491
1614647305.299394
1614647305.399208
1614647305.499457
1614647305.599487
1614647305.699152
1614647305.799275
1614647305.899184
1614647305.999431
1614647306.099248
1614647306.199121
1614647306.299233
1614647306.399083
1614647306.499122
1614647306.599207
1614647306.699208
1614647306.799171
1614647306.899177
1614647306.999266
1614647307.099362
1614647307.199407
1614647307.299388
1614647307.399453
1614647307.499504
1614647307.599448
1614647307.699226
1614647307.799369
1614647307.899170
1614647307.999228
1614647308.099183
1614647308.199187
1614647308.299298
1614647308.399241
1614647308.499281
1614647308.599212
1614647308.699165
1614647308.799207
1614647308.899099
1614647308.999162
1614647309.099199
1614647309.199218
1614647309.299288
1614647309.399223
1614647309.499322
1614647309.599184
1614647309.699450
1614647309.799459
1614647309.899395
1614647309.999297
1614647310.099548
1614647310.199360
1614647310.299348
1614647310.399277
1614647310.499237
1614647310.599291
1614647310.699287
1614647310.799284
1614647310.899152
1614647310.999173
1614647311.099178
1614647311.199155
1614647311.299183
1614647311.399256
1614647311.499170
1614647311.599188
1614647311.699190
1614647311.799173
1614647311.899092
1614647311.999113
1614647312.099119
1614647312.199191
1614647312.299109
