1614647202.393454
1614647202.493615
1614647202.593465
1614647202.739496
1614647202.793485
1614647202.893471
1614647203.039552
1614647203.093465
1614647203.193759
1614647203.293548
1614647203.393592
1614647203.539540
1614647203.593626
1614647203.693589
1614647203.793606
1614647203.939602
1614647203.993554
1614647204.093537
1614647204.193395
1614647204.339649
1614647204.393569
1614647204.493519
1614647204.639562
1614647204.693575
1614647204.793450
1614647204.893684
1614647205.039693
1614647205.093597
1614647205.193617
1614647205.293710
1614647205.393628
1614647205.539544
1614647205.593365
1614647205.739498
1614647205.793342
1614647205.893456
1614647205.993493
1614647206.093681
1614647206.193630
1614647206.339496
1614647206.393540
1614647206.493486
1614647206.594255
1614647206.694391
1614647206.794816
1614647206.894714
1614647206.994431
1614647207.094548
1614647207.194550
1614647207.294877
1614647207.394671
1614647207.494879
1614647207.594394
1614647207.694592
1614647207.794930
1614647207.894806
1614647207.995078
1614647208.094584
1614647208.194949
1614647208.294238
1614647208.394878
1614647208.494754
1614647208.594659
1614647208.694939
1614647208.794899
1614647208.895001
1614647208.995136
1614647209.095156
1614647209.194905
1614647209.294805
1614647209.394863
1614647209.494823
1614647209.594981
1614647209.694335
1614647209.794888
1614647209.894965
1614647209.994659
1614647210.094956
1614647210.194469
1614647210.294103
1614647210.394349
1614647210.493811
1614647210.593956
1614647210.693811
1614647210.793979
1614647210.894145
1614647210.994328
1614647211.094724
1614647211.194390
1614647211.294736
1614647211.394569
1614647211.495034
1614647211.595303
1614647211.695034
1614647211.795244
1614647211.895322
1614647211.995161
1614647212.095267
1614647212.195561
1614647212.295650
1614647212.395381
1614647212.495089
1614647212.595575
1614647212.695622
1614647212.796049
1614647212.896215
1614647212.995995
1614647213.095915
1614647213.195919
1614647213.295485
1614647213.395819
1614647213.495721
1614647213.595932
1614647213.695927
1614647213.795621
1614647213.895398
1614647213.995935
1614647214.095878
1614647214.195648
1614647214.295651
1614647214.395682
1614647214.495663
1614647214.595595
1614647214.696141
1614647214.796022
1614647214.895922
1614647214.995807
1614647215.096196
1614647215.196373
1614647215.296221
1614647215.396260
1614647215.495764
1614647215.596124
1614647215.696084
1614647215.796459
1614647215.896412
1614647215.996512
1614647216.096506
1614647216.196483
1614647216.296539
1614647216.396495
1614647216.496460
1614647216.596501
1614647216.696476
1614647216.796535
1614647216.896518
1614647216.996486
1614647217.096529
1614647217.196532
1614647217.296556
1614647217.396614
1614647217.496608
1614647217.596589
1614647217.696527
1614647217.796514
1614647217.896579
1614647217.996468
1614647218.096499
1614647218.196353
1614647218.296528
1614647218.396492
1614647218.496325
1614647218.596527
1614647218.696382
1614647218.796131
1614647218.895736
1614647218.996424
1614647219.096334
1614647219.195834
1614647219.295891
1614647219.395672
1614647219.495865
1614647219.596102
1614647219.695650
1614647219.795718
1614647219.895086
1614647219.995385
1614647220.095142
1614647220.195567
1614647220.294905
1614647220.395059
1614647220.495111
1614647220.595138
1614647220.695399
1614647220.795542
1614647220.895638
1614647220.995348
1614647221.095533
1614647221.195445
1614647221.295374
1614647221.395684
1614647221.495603
1614647221.596047
1614647221.695993
1614647221.795946
1614647221.895820
1614647221.996102
1614647222.095759
1614647222.196030
1614647222.296079
1614647222.395980
1614647222.496199
1614647222.596290
1614647222.695771
1614647222.796081
1614647222.895903
1614647222.996136
1614647223.095859
1614647223.196420
1614647223.295936
1614647223.396119
1614647223.496033
1614647223.595772
1614647223.695777
1614647223.795817
1614647223.895693
1614647223.996149
1614647224.095937
1614647224.196169
1614647224.296238
1614647224.396194
1614647224.496239
1614647224.596220
1614647224.695972
1614647224.795863
1614647224.896199
1614647224.995993
1614647225.096432
1614647225.195766
1614647225.295841
1614647225.396131
1614647225.496431
1614647225.596539
1614647225.696352
1614647225.796333
1614647225.896540
1614647225.996560
1614647226.096477
1614647226.196398
1614647226.296130
1614647226.395575
1614647226.495645
1614647226.595889
1614647226.696337
1614647226.795994
1614647226.895800
1614647226.995938
1614647227.095735
1614647227.196251
1614647227.295818
1614647227.395824
1614647227.495801
1614647227.595589
1614647227.695424
1614647227.795627
1614647227.895358
1614647227.995261
1614647228.095399
1614647228.195236
1614647228.295096
1614647228.395730
1614647228.495468
1614647228.595393
1614647228.695026
1614647228.795184
1614647228.895266
1614647228.995229
1614647229.095135
1614647229.195074
1614647229.295145
1614647229.394977
1614647229.495044
1614647229.595268
1614647229.695193
1614647229.795464
1614647229.895163
1614647229.995338
1614647230.095521
1614647230.195234
1614647230.295055
1614647230.395075
1614647230.494730
1614647230.594802
1614647230.694695
1614647230.794803
1614647230.894700
1614647230.994862
1614647231.094712
1614647231.194952
1614647231.295692
1614647231.395582
1614647231.495167
1614647231.595227
1614647231.694972
1614647231.795177
1614647231.895064
1614647231.995671
1614647232.095725
1614647232.195804
1614647232.295879
1614647232.395560
1614647232.495779
1614647232.595486
1614647232.695689
1614647232.795331
1614647232.894927
1614647232.995202
1614647233.095019
1614647233.195065
1614647233.295054
1614647233.395007
1614647233.494820
1614647233.594913
1614647233.694487
1614647233.794702
1614647233.894415
1614647233.994472
1614647234.094522
1614647234.194551
1614647234.294492
1614647234.394656
1614647234.494396
1614647234.594532
1614647234.694498
1614647234.794530
1614647234.894383
1614647234.994682
1614647235.094446
1614647235.194790
1614647235.294558
1614647235.394870
1614647235.494710
1614647235.594916
1614647235.694676
1614647235.794917
1614647235.894596
1614647235.994621
1614647236.094720
1614647236.194518
1614647236.294620
1614647236.394891
1614647236.494533
1614647236.594400
1614647236.694084
1614647236.794477
1614647236.894427
1614647236.994087
1614647237.094337
1614647237.194315
1614647237.294235
1614647237.394457
1614647237.494187
1614647237.594020
1614647237.694213
1614647237.794266
1614647237.894430
1614647237.994163
1614647238.094471
1614647238.194289
1614647238.294257
1614647238.394398
1614647238.494671
1614647238.594910
1614647238.694692
1614647238.794602
1614647238.894634
1614647238.994539
1614647239.094842
1614647239.194330
1614647239.294657
1614647239.394634
1614647239.494281
1614647239.594370
1614647239.694460
1614647239.794245
1614647239.894687
1614647239.994147
1614647240.094556
1614647240.194461
1614647240.294515
1614647240.394852
1614647240.494557
1614647240.594809
1614647240.694622
1614647240.794688
1614647240.894886
1614647240.994547
1614647241.094922
1614647241.194468
1614647241.294694
1614647241.394706
1614647241.494501
1614647241.594729
1614647241.694428
1614647241.794519
1614647241.894564
1614647241.994436
1614647242.094402
1614647242.194480
1614647242.294343
1614647242.394320
1614647242.494511
1614647242.594709
1614647242.694859
1614647242.794716
1614647242.895054
1614647242.994673
1614647243.094794
1614647243.194709
1614647243.294875
1614647243.394994
1614647243.495104
1614647243.595080
1614647243.695265
1614647243.795338
1614647243.894860
1614647243.995346
1614647244.094704
1614647244.194817
1614647244.294824
1614647244.394785
1614647244.495086
1614647244.595284
1614647244.694971
1614647244.795006
1614647244.895241
1614647244.995617
1614647245.095686
1614647245.196069
1614647245.295597
1614647245.395648
1614647245.495489
1614647245.595705
1614647245.695673
1614647245.795770
1614647245.895388
1614647245.995539
1614647246.095653
1614647246.195782
1614647246.295806
1614647246.395678
1614647246.495749
1614647246.596039
1614647246.695942
1614647246.795813
1614647246.895948
1614647246.996301
1614647247.096192
1614647247.196368
1614647247.296389
1614647247.396668
1614647247.496462
1614647247.596452
1614647247.696403
1614647247.796401
1614647247.896508
1614647247.996529
1614647248.096552
1614647248.196778
1614647248.296747
1614647248.396529
1614647248.496296
1614647248.596723
1614647248.696521
1614647248.796704
1614647248.896602
1614647248.996626
1614647249.096738
1614647249.196762
1614647249.296750
1614647249.396713
1614647249.496716
1614647249.596429
1614647249.696582
1614647249.796695
1614647249.896685
1614647249.996565
1614647250.096756
1614647250.196836
1614647250.296755
1614647250.396748
1614647250.496824
1614647250.596834
1614647250.696830
1614647250.796842
1614647250.896788
1614647250.996763
1614647251.096765
1614647251.196798
1614647251.296693
1614647251.396772
1614647251.496794
1614647251.596767
1614647251.696737
1614647251.796706
1614647251.896771
1614647251.996712
1614647252.096660
1614647252.196780
1614647252.296578
1614647252.396534
1614647252.496587
1614647252.596380
1614647252.695925
1614647252.795753
1614647252.895807
1614647252.995982
1614647253.095583
1614647253.195761
1614647253.295584
1614647253.395563
1614647253.495656
1614647253.595649
1614647253.695578
1614647253.795254
1614647253.895313
1614647253.995195
1614647254.095426
1614647254.194972
1614647254.294976
1614647254.395056
1614647254.494701
1614647254.594664
1614647254.695139
1614647254.794704
1614647254.894873
1614647254.994726
1614647255.094573
1614647255.194667
1614647255.295058
1614647255.394790
1614647255.494667
1614647255.594566
1614647255.694481
1614647255.794420
1614647255.894728
1614647255.994693
1614647256.094713
1614647256.194458
1614647256.294524
1614647256.394548
1614647256.494850
1614647256.594560
1614647256.694850
1614647256.794682
1614647256.894568
1614647256.994636
1614647257.094681
1614647257.194458
1614647257.294769
1614647257.394687
1614647257.494521
1614647257.594743
1614647257.694777
1614647257.795215
1614647257.894928
1614647257.994985
1614647258.094864
1614647258.195047
1614647258.294902
1614647258.395272
1614647258.494802
1614647258.595077
1614647258.695287
1614647258.795584
1614647258.895322
1614647258.995730
1614647259.095312
1614647259.195164
1614647259.295009
1614647259.395610
1614647259.495618
1614647259.595295
1614647259.695311
1614647259.795496
1614647259.895480
1614647259.995475
1614647260.096047
1614647260.195708
1614647260.295160
1614647260.395246
1614647260.495197
1614647260.595646
1614647260.695634
1614647260.795301
1614647260.895563
1614647260.995214
1614647261.095232
1614647261.195405
1614647261.295259
1614647261.395104
1614647261.494993
1614647261.595084
1614647261.695160
1614647261.795128
1614647261.895227
1614647261.995091
1614647262.095072
1614647262.195399
1614647262.295790
1614647262.395638
1614647262.495715
1614647262.595561
1614647262.695626
1614647262.795318
1614647262.895766
1614647262.995725
1614647263.095894
1614647263.195964
1614647263.295857
1614647263.495893
1614647263.596093
1614647263.695661
1614647263.795642
1614647263.895874
1614647263.995567
1614647264.095629
1614647264.195814
1614647264.295959
1614647264.395890
1614647264.495699
1614647264.595731
1614647264.695758
1614647264.796183
1614647264.896145
1614647264.996065
1614647265.095931
1614647265.196226
1614647265.296190
1614647265.395947
1614647265.495846
1614647265.596263
1614647265.695975
1614647265.796256
1614647265.896123
1614647265.996224
1614647266.095962
1614647266.195863
1614647266.295607
1614647266.395689
1614647266.495713
1614647266.595920
1614647266.695606
1614647266.795895
1614647266.896211
1614647266.996097
1614647267.096125
1614647267.196294
1614647267.296257
1614647267.396015
1614647267.496057
1614647267.596287
1614647267.696178
1614647267.796381
1614647267.896275
1614647267.995999
1614647268.096160
1614647268.196300
1614647268.296642
1614647268.396928
1614647268.496263
1614647268.596515
1614647268.696485
1614647268.796413
1614647268.896471
1614647268.996737
1614647269.096279
1614647269.195877
1614647269.296377
1614647269.396793
1614647269.496390
1614647269.596640
1614647269.696615
1614647269.796748
1614647269.896652
1614647269.996496
1614647270.096772
1614647270.196471
1614647270.296324
1614647270.396108
1614647270.496042
1614647270.595980
1614647270.696111
1614647270.796356
1614647270.896366
1614647270.996544
1614647271.096567
1614647271.196305
1614647271.296236
1614647271.396599
1614647271.496339
1614647271.596115
1614647271.696241
1614647271.796458
1614647271.896371
1614647271.996677
1614647272.096295
1614647272.196376
1614647272.296475
1614647272.396261
1614647272.496555
1614647272.596804
1614647272.696568
1614647272.796385
1614647272.896338
1614647272.996588
1614647273.096375
1614647273.196340
1614647273.296403
1614647273.396177
1614647273.496567
1614647273.596709
1614647273.696562
1614647273.796737
1614647273.896661
1614647273.996604
1614647274.096613
1614647274.196629
1614647274.296978
1614647274.396830
1614647274.496906
1614647274.596805
1614647274.696898
1614647274.796873
1614647274.896850
1614647274.996860
1614647275.096879
1614647275.196808
1614647275.296599
1614647275.396776
1614647275.496856
1614647275.596861
1614647275.696705
1614647275.796616
1614647275.896841
1614647275.996801
1614647276.096866
1614647276.196845
1614647276.296832
1614647276.396826
1614647276.496758
1614647276.596797
1614647276.696835
1614647276.796811
1614647276.896742
1614647276.996423
1614647277.096833
1614647277.196653
1614647277.296623
1614647277.396121
1614647277.496501
1614647277.596194
1614647277.696685
1614647277.796517
1614647277.896537
1614647277.996605
1614647278.096574
1614647278.196764
1614647278.296890
1614647278.396984
1614647278.497039
1614647278.597090
1614647278.696801
1614647278.796974
1614647278.897005
1614647278.996809
1614647279.096915
1614647279.196990
1614647279.296840
1614647279.396904
1614647279.496475
1614647279.596632
1614647279.696228
1614647279.796304
1614647279.896182
1614647279.995820
1614647280.096014
1614647280.196000
1614647280.296038
1614647280.396363
1614647280.496160
1614647280.595765
1614647280.695985
1614647280.796009
1614647280.896149
1614647280.996048
1614647281.096506
1614647281.196280
1614647281.296180
1614647281.396260
1614647281.496140
1614647281.596425
1614647281.696354
1614647281.796309
1614647281.896091
1614647281.996577
1614647282.096371
1614647282.196662
1614647282.296651
1614647282.396296
1614647282.496478
1614647282.596613
1614647282.696824
1614647282.796614
1614647282.896317
1614647282.996459
1614647283.096575
1614647283.196847
1614647283.296589
1614647283.396523
1614647283.496537
1614647283.596554
1614647283.696342
1614647283.796710
1614647283.896174
1614647283.996098
1614647284.096591
1614647284.196199
1614647284.296365
1614647284.396423
1614647284.496135
1614647284.596324
1614647284.696489
1614647284.796092
1614647284.896405
1614647284.996416
1614647285.096152
1614647285.195927
1614647285.296033
1614647285.396291
1614647285.496439
1614647285.596480
1614647285.696390
1614647285.795933
1614647285.896083
1614647285.995916
1614647286.096083
1614647286.195833
1614647286.295834
1614647286.395961
1614647286.496086
1614647286.596068
1614647286.696225
1614647286.795998
1614647286.895418
1614647286.995940
1614647287.095830
1614647287.195893
1614647287.295953
1614647287.395581
1614647287.495177
1614647287.595712
1614647287.695895
1614647287.795604
1614647287.896014
1614647287.995638
1614647288.095650
1614647288.195835
1614647288.295596
1614647288.395564
1614647288.495595
1614647288.595502
1614647288.695519
1614647288.795668
1614647288.895622
1614647288.995801
1614647289.095695
1614647289.195179
1614647289.295314
1614647289.395680
1614647289.495530
1614647289.595775
1614647289.695625
1614647289.795527
1614647289.895492
1614647289.995651
1614647290.095694
1614647290.195799
1614647290.295450
1614647290.395339
1614647290.495209
1614647290.595392
1614647290.695374
1614647290.795702
1614647290.895480
1614647290.995657
1614647291.095330
1614647291.195603
1614647291.295344
1614647291.395643
1614647291.495781
1614647291.595586
1614647291.695410
1614647291.795288
1614647291.895297
1614647291.995820
1614647292.095638
1614647292.195857
1614647292.295557
1614647292.395749
1614647292.495770
1614647292.595636
1614647292.695340
1614647292.795233
1614647292.894909
1614647292.994653
1614647293.095088
1614647293.195095
1614647293.294629
1614647293.394892
1614647293.494762
1614647293.594493
1614647293.694656
1614647293.794669
1614647293.894535
1614647293.994524
1614647294.094507
1614647294.194907
1614647294.295100
1614647294.395027
1614647294.494765
1614647294.595202
1614647294.694977
1614647294.795182
1614647294.895477
1614647294.995457
1614647295.095322
1614647295.195233
1614647295.295564
1614647295.395389
1614647295.495735
1614647295.595863
1614647295.695776
1614647295.795923
1614647295.895898
1614647295.995900
1614647296.095884
1614647296.196253
1614647296.296044
1614647296.396075
1614647296.495994
1614647296.595939
1614647296.696086
1614647296.796429
1614647296.896009
1614647296.995749
1614647297.096506
1614647297.196175
1614647297.296218
1614647297.396368
1614647297.496600
1614647297.596096
1614647297.696142
1614647297.796319
1614647297.895988
1614647297.996174
1614647298.096035
1614647298.196065
1614647298.296027
1614647298.395650
1614647298.496464
1614647298.596604
1614647298.696164
1614647298.795931
1614647298.896590
1614647298.996698
1614647299.096726
1614647299.196847
1614647299.296759
1614647299.396730
1614647299.496664
1614647299.596820
1614647299.696858
1614647299.796562
1614647299.896177
1614647299.996134
1614647300.095928
1614647300.195914
1614647300.295800
1614647300.395921
1614647300.495939
1614647300.596232
1614647300.695633
1614647300.795892
1614647300.896009
1614647300.996113
1614647301.095955
1614647301.196090
1614647301.296185
1614647301.396271
1614647301.495994
1614647301.596135
1614647301.696207
1614647301.795960
1614647301.895920
1614647301.995863
1614647302.095987
1614647302.196118
1614647302.295853
1614647302.396063
1614647302.495441
1614647302.595999
1614647302.696107
1614647302.795821
1614647302.895607
1614647302.995718
1614647303.095925
1614647303.195772
1614647303.295968
1614647303.395413
1614647303.495164
1614647303.595304
1614647303.694670
1614647303.794884
1614647303.894855
1614647303.995431
1614647304.095464
1614647304.195540
1614647304.295766
1614647304.395589
1614647304.495643
1614647304.594934
1614647304.695229
1614647304.794927
1614647304.894741
1614647304.994676
1614647305.094193
1614647305.194350
1614647305.294234
1614647305.394099
1614647305.494317
1614647305.594393
1614647305.740078
1614647305.794184
1614647305.894067
1614647305.994372
1614647306.140080
1614647306.193986
1614647306.294065
1614647306.440202
1614647306.493963
1614647306.640234
1614647306.740101
1614647306.794067
1614647306.940126
1614647306.994021
1614647307.094205
1614647307.240208
1614647307.294140
1614647307.394222
1614647307.494298
1614647307.594153
1614647307.740084
1614647307.794189
1614647307.894041
1614647308.040231
1614647308.094030
1614647308.194002
1614647308.340108
1614647308.394038
1614647308.540269
1614647308.593987
1614647308.693995
1614647308.840264
1614647308.894039
1614647308.994025
1614647309.140129
1614647309.193989
1614647309.294006
1614647309.440250
1614647309.494126
1614647309.594080
1614647309.694293
1614647309.840251
1614647309.894128
1614647309.994064
1614647310.094404
1614647310.194222
1614647310.340104
1614647310.394152
1614647310.494090
1614647310.594128
1614647310.740138
1614647310.794112
1614647310.893961
1614647311.040231
1614647311.094012
1614647311.240273
1614647311.294023
1614647311.394011
1614647311.540121
1614647311.594053
1614647311.694010
1614647311.794031
1614647311.940145
1614647311.994000
1614647312.140190
1614647312.194007
