1614647201.744002
1614647201.944095
1614647202.144080
1614647202.344160
1614647202.544053
1614647202.744102
1614647202.944209
1614647203.144093
1614647203.344023
1614647203.544115
1614647203.744014
1614647203.944597
1614647204.144032
1614647204.344709
1614647204.544039
1614647204.744072
1614647204.944055
1614647205.144120
1614647205.344094
1614647205.544454
1614647205.744054
1614647205.944156
1614647206.144095
1614647206.344052
1614647206.544044
1614647206.744058
1614647206.943975
1614647207.144078
1614647207.343968
1614647207.543938
1614647207.744071
1614647207.943880
1614647208.143975
1614647208.343834
1614647208.544059
1614647208.744048
1614647208.944071
1614647209.144077
1614647209.343979
1614647209.544151
1614647209.744039
1614647209.944090
1614647210.144027
1614647210.344109
1614647210.544048
1614647210.744186
1614647210.944043
1614647211.144125
1614647211.344090
1614647211.544145
1614647211.744057
1614647211.944666
1614647212.144079
1614647212.344659
1614647212.544132
1614647212.744202
1614647212.944101
1614647213.144558
1614647213.344083
1614647213.544598
1614647213.744045
1614647213.944232
1614647214.144095
1614647214.344918
1614647214.544049
1614647214.744196
1614647214.944144
1614647215.144145
1614647215.344189
1614647215.544185
1614647215.744180
1614647215.944198
1614647216.144122
1614647216.344192
1614647216.544092
1614647216.744254
1614647216.944113
1614647217.144166
1614647217.344165
1614647217.544231
1614647217.744147
1614647217.944128
1614647218.144076
1614647218.344121
1614647218.544091
1614647218.744100
1614647218.944499
1614647219.144083
1614647219.344854
1614647219.544197
1614647219.744096
1614647219.944096
1614647220.144045
1614647220.344799
1614647220.544053
1614647220.744126
1614647220.944081
1614647221.144131
1614647221.344945
1614647221.544097
1614647221.744052
1614647221.944201
1614647222.144550
1614647222.344166
1614647222.544116
1614647222.744209
1614647222.944149
1614647223.144211
1614647223.344213
1614647223.544170
1614647223.744118
1614647223.944190
1614647224.144163
1614647224.344256
1614647224.544093
1614647224.744432
1614647224.944309
1614647225.144216
1614647225.344437
1614647225.544362
1614647225.744139
1614647225.944425
1614647226.144299
1614647226.344249
1614647226.544386
1614647226.744421
1614647226.944464
1614647227.144310
1614647227.344334
1614647227.544412
1614647227.744424
1614647227.944289
1614647228.144313
1614647228.344330
1614647228.544383
1614647228.744846
1614647228.944406
1614647229.144310
1614647229.344226
1614647229.544345
1614647229.744176
1614647229.944278
1614647230.144269
1614647230.345484
1614647230.544250
1614647230.745023
1614647230.944195
1614647231.144345
1614647231.344436
1614647231.544338
1614647231.744207
1614647231.944412
1614647232.144230
1614647232.344235
1614647232.544173
1614647232.744266
1614647232.944383
1614647233.144458
1614647233.344377
1614647233.544095
1614647233.744421
1614647233.944309
1614647234.144400
1614647234.344552
1614647234.544230
1614647234.744299
1614647234.944393
1614647235.144367
1614647235.344466
1614647235.544241
1614647235.744030
1614647235.944960
1614647236.144357
1614647236.344258
1614647236.544278
1614647236.744479
1614647236.944643
1614647237.144447
1614647237.344472
1614647237.544343
1614647237.744249
1614647237.944329
1614647238.144287
1614647238.344462
1614647238.544374
1614647238.744311
1614647238.943925
1614647239.144318
1614647239.344347
1614647239.544279
1614647239.744553
1614647239.944318
1614647240.144564
1614647240.344921
1614647240.544260
1614647240.744299
1614647240.944369
1614647241.144328
1614647241.344897
1614647241.544323
1614647241.744369
1614647241.944304
1614647242.144251
1614647242.344951
1614647242.545000
1614647242.744341
1614647242.944304
1614647243.144435
1614647243.344838
1614647243.544353
1614647243.745327
1614647243.944404
1614647244.144324
1614647244.345379
1614647244.544797
1614647244.744816
1614647244.945379
1614647245.144731
1614647245.345446
1614647245.545291
1614647245.745467
1614647245.945160
1614647246.145435
1614647246.345494
1614647246.545640
1614647246.745412
1614647246.945478
1614647247.144697
1614647247.345417
1614647247.544766
1614647247.744786
1614647247.945415
1614647248.144312
1614647248.345251
1614647248.544998
1614647248.745220
1614647248.945556
1614647249.145189
1614647249.344491
1614647249.545213
1614647249.745471
1614647249.944790
1614647250.144456
1614647250.345031
1614647250.544466
1614647250.744547
1614647250.945439
1614647251.144789
1614647251.345520
1614647251.545856
1614647251.744647
1614647251.944938
1614647252.144848
1614647252.344968
1614647252.544466
1614647252.745387
1614647252.945756
1614647253.145688
1614647253.345161
1614647253.545504
1614647253.744948
1614647253.945597
1614647254.145515
1614647254.345739
1614647254.545073
1614647254.745516
1614647254.945325
1614647255.144878
1614647255.345063
1614647255.544317
1614647255.745391
1614647255.945584
1614647256.144862
1614647256.345355
1614647256.544374
1614647256.744430
1614647256.945673
1614647257.144394
1614647257.344433
1614647257.545464
1614647257.744428
1614647257.944381
1614647258.144892
1614647258.344448
1614647258.544357
1614647258.745401
1614647258.944406
1614647259.145524
1614647259.344873
1614647259.546016
1614647259.744886
1614647259.944920
1614647260.144297
1614647260.345676
1614647260.544870
1614647260.745569
1614647260.944897
1614647261.145264
1614647261.344852
1614647261.545616
1614647261.744942
1614647261.945598
1614647262.145004
1614647262.345788
1614647262.545528
1614647262.745534
1614647262.945009
1614647263.145589
1614647263.344575
1614647263.545606
1614647263.744901
1614647263.945463
1614647264.145602
1614647264.345540
1614647264.544922
1614647264.745480
1614647264.944937
1614647265.144365
1614647265.345431
1614647265.545539
1614647265.745178
1614647265.944944
1614647266.144837
1614647266.344391
1614647266.545093
1614647266.745037
1614647266.944543
1614647267.145505
1614647267.344998
1614647267.544416
1614647267.745146
1614647267.944413
1614647268.144988
1614647268.345691
1614647268.544997
1614647268.745046
1614647268.945078
1614647269.144462
1614647269.345103
1614647269.544902
1614647269.744412
1614647269.945094
1614647270.144982
1614647270.344464
1614647270.545134
1614647270.744990
1614647270.944977
1614647271.144946
1614647271.344956
1614647271.545006
1614647271.745056
1614647271.945103
1614647272.145079
1614647272.345068
1614647272.545230
1614647272.745434
1614647272.945399
1614647273.145274
1614647273.346028
1614647273.545434
1614647273.745695
1614647273.945510
1614647274.145404
1614647274.345456
1614647274.545460
1614647274.745368
1614647274.945405
1614647275.146551
1614647275.345497
1614647275.545468
1614647275.745403
1614647275.945813
1614647276.145365
1614647276.345368
1614647276.545268
1614647276.745392
1614647276.945347
1614647277.145344
1614647277.345332
1614647277.544796
1614647277.745345
1614647277.944999
1614647278.145192
1614647278.344766
1614647278.545476
1614647278.745293
1614647278.945558
1614647279.145141
1614647279.345179
1614647279.545306
1614647279.745266
1614647279.945275
1614647280.145051
1614647280.345160
1614647280.545171
1614647280.745221
1614647280.945018
1614647281.145094
1614647281.345042
1614647281.545094
1614647281.745054
1614647281.944691
1614647282.145068
1614647282.345009
1614647282.545122
1614647282.745155
1614647282.945068
1614647283.145838
1614647283.345083
1614647283.545563
1614647283.745418
1614647283.945159
1614647284.145032
1614647284.345132
1614647284.545823
1614647284.745118
1614647284.945450
1614647285.145094
1614647285.345159
1614647285.545089
1614647285.745074
1614647285.945121
1614647286.145127
1614647286.345082
1614647286.545448
1614647286.745048
1614647286.947427
1614647287.145042
1614647287.347032
1614647287.545051
1614647287.745805
1614647287.944495
1614647288.145030
1614647288.345010
1614647288.545090
1614647288.744439
1614647288.945025
1614647289.144608
1614647289.344938
1614647289.545117
1614647289.744910
1614647289.945023
1614647290.144978
1614647290.345050
1614647290.544934
1614647290.745018
1614647290.944867
1614647291.144909
1614647291.344981
1614647291.544984
1614647291.744910
1614647291.944928
1614647292.144966
1614647292.344907
1614647292.544870
1614647292.744833
1614647292.944950
1614647293.144615
1614647293.344848
1614647293.545084
1614647293.744845
1614647293.945724
1614647294.145098
1614647294.344492
1614647294.544854
1614647294.744755
1614647294.944776
1614647295.144468
1614647295.344834
1614647295.544756
1614647295.744756
1614647295.944717
1614647296.144963
1614647296.344402
1614647296.544740
1614647296.744654
1614647296.944862
1614647297.144215
1614647297.344662
1614647297.544209
1614647297.744734
1614647297.944253
1614647298.144665
1614647298.344762
1614647298.544708
1614647298.744689
1614647298.944663
1614647299.144106
1614647299.344655
1614647299.544787
1614647299.744637
1614647299.944328
1614647300.144656
1614647300.345189
1614647300.544758
1614647300.743915
1614647300.944525
1614647301.144480
1614647301.344096
1614647301.544497
1614647301.744995
1614647301.944543
1614647302.144511
1614647302.344510
1614647302.544133
1614647302.744445
1614647302.944432
1614647303.144485
1614647303.344371
1614647303.544430
1614647303.745139
1614647303.944468
1614647304.144463
1614647304.344399
1614647304.544341
1614647304.744415
1614647304.943893
1614647305.144420
1614647305.344267
1614647305.544401
1614647305.744374
1614647305.943897
1614647306.144050
1614647306.344404
1614647306.544559
1614647306.743873
1614647306.944618
1614647307.144397
1614647307.344626
1614647307.544366
1614647307.744756
1614647307.944462
1614647308.143976
1614647308.344478
1614647308.544622
1614647308.743849
1614647308.943774
1614647309.144335
1614647309.344617
1614647309.544071
1614647309.744132
1614647309.944050
1614647310.144164
1614647310.344073
1614647310.544064
1614647310.744108
1614647310.944046
1614647311.144104
1614647311.343994
1614647311.544085
1614647311.744057
1614647311.944096
1614647312.144065
